NestID	Cohort	Helpers	Size	Date
1	2008	2	0.141636871	8/11/2008
1	2008	2	0.164827594	8/11/2008
1	2008	2	1.21985751	8/11/2008
2	2008	0	-1.135606601	16/11/2008
3	2008	0	-0.170306493	23/12/2008
3	2008	0	0.886057097	23/12/2008
4	2008	0	0.006452372	20/11/2008
4	2008	0	-0.089817328	20/11/2008
5	2008	0	-0.186087027	21/11/2008
5	2008	0	-0.140096095	21/11/2008
6	2008	0	-1.091022207	21/01/2009
7	2008	0	1.520103441	3/11/2008
7	2008	0	1.443087681	3/11/2008
7	2008	0	2.005388725	3/11/2008
8	2008	0	0.538152502	19/12/2008
8	2008	0	0.638358986	19/12/2008
9	2008	0	0.237499651	5/12/2008
9	2008	0	0.641832392	5/12/2008
9	2008	0	0.233562867	5/12/2008
10	2008	0	-0.985511865	3/01/2009
10	2008	0	-0.692765981	3/01/2009
11	2008	3	1.724396734	21/12/2008
11	2008	3	2.128729473	21/12/2008
12	2008	2	0.877223373	14/12/2008
12	2008	2	0.877223373	14/12/2008
13	2008	0	-0.632401053	25/12/2008
13	2008	0	-0.285830133	25/12/2008
14	2008	0	-0.908496105	8/11/2008
14	2008	0	-1.135606601	8/11/2008
14	2008	0	-1.15486054	8/11/2008
15	2008	2	0.514562644	9/11/2008
15	2008	2	0.961340047	9/11/2008
15	2008	2	1.015165084	9/11/2008
16	2008	0	-1.807354771	23/11/2008
16	2008	0	-0.729134133	23/11/2008
16	2008	0	-0.359372487	23/11/2008
17	2008	0	-0.085473625	2/01/2009
17	2008	0	0.045367171	2/01/2009
18	2008	1	-1.098432397	8/11/2008
18	2008	1	-0.655591777	8/11/2008
19	2008	1	-1.233209976	23/12/2008
19	2008	1	-1.059924516	23/12/2008
19	2008	1	-0.651654993	23/12/2008
20	2008	0	0.576660382	8/11/2008
20	2008	0	-0.305084073	8/11/2008
21	2008	1	0.121976012	20/12/2008
22	2008	1	-1.110276147	20/12/2008
22	2008	1	-0.093754114	20/12/2008
22	2008	1	-0.224594908	20/12/2008
23	2008	0	-0.012801567	16/12/2008
23	2008	0	0.449292992	16/12/2008
24	2008	0	0.172310648	2/01/2009
24	2008	0	0.29566839	2/01/2009
25	2008	1	-0.494150068	21/12/2008
25	2008	1	0.006452372	21/12/2008
26	2008	0	-2.188089868	23/12/2008
26	2008	0	-1.957042588	23/12/2008
27	2008	3	0.291788066	25/11/2008
27	2008	3	0.384120983	25/11/2008
27	2008	3	1.004183846	25/11/2008
28	2008	2	-0.249925361	20/11/2008
28	2008	2	0.173661318	20/11/2008
28	2008	2	0.439279694	20/11/2008
29	2008	1	-1.287035012	25/11/2008
29	2008	1	-1.079178456	28/11/2008
29	2008	1	1.235231125	25/11/2008
30	2008	1	0.560879847	9/12/2008
30	2008	1	0.676403487	9/12/2008
30	2008	1	-1.360577367	9/12/2008
31	2008	0	0.714911366	3/01/2009
32	2008	1	1.388799266	30/12/2008
32	2008	1	2.293734446	30/12/2008
33	2008	0	-0.444197571	22/01/2009
33	2008	0	-0.213150292	22/01/2009
34	2008	0	-1.075705052	20/12/2008
34	2008	0	-0.898482807	22/12/2008
35	2008	1	0.657149547	16/12/2008
35	2008	1	0.449292992	16/12/2008
36	2008	1	-0.363309274	18/12/2008
36	2008	1	0.218245712	18/12/2008
37	2008	0	-0.874885165	9/01/2009
37	2008	0	0.434382753	9/01/2009
38	2008	1	0.456800823	15/11/2008
38	2008	1	0.668594164	15/11/2008
38	2008	1	0.826562468	15/11/2008
39	2008	1	1.071039989	29/11/2008
39	2008	1	1.975975168	29/11/2008
39	2008	1	1.244325449	29/11/2008
40	2008	0	-2.523223955	23/12/2008
40	2008	0	-2.307493831	23/12/2008
41	2008	1	-0.555848673	12/12/2008
41	2008	1	-0.205340967	12/12/2008
41	2008	1	-0.474896127	12/12/2008
42	2008	1	0.554803334	25/12/2008
42	2008	1	0.997643954	25/12/2008
43	2008	2	-0.624583945	18/12/2008
43	2008	2	-0.590012849	18/12/2008
43	2008	2	-1.105932446	18/12/2008
44	2008	1	0.62298537	19/12/2008
44	2008	1	0.16089081	19/12/2008
44	2008	1	0.280351235	19/12/2008
45	2008	0	-0.520814197	28/12/2008
46	2008	0	-0.074500173	16/01/2009
46	2008	0	-0.128325208	16/01/2009
46	2008	0	-0.051309448	16/01/2009
47	2008	0	-1.062527625	16/11/2008
47	2008	0	-0.388639725	16/11/2008
48	2008	0	-0.504163365	25/11/2008
49	2009	5	-0.731626914	14/11/2009
49	2009	5	-0.831833397	14/11/2009
49	2009	5	-1.174467534	14/11/2009
50	2009	0	-1.502765136	18/11/2009
50	2009	0	-0.443798437	18/11/2009
50	2009	0	-0.054782854	18/11/2009
51	2009	0	-0.18568011	24/12/2009
51	2009	0	0.010796075	24/12/2009
51	2009	0	0.299605174	24/12/2009
52	2009	1	2.737038445	10/01/2010
52	2009	1	2.621514805	10/01/2010
53	2009	0	1.658817805	3/12/2009
53	2009	0	1.081199606	3/12/2009
54	2009	0	-0.782959168	25/11/2009
54	2009	0	-0.077973577	25/11/2009
54	2009	0	0.157010487	25/11/2009
55	2009	0	-2.225617125	1/12/2009
56	2009	0	0.191581583	26/12/2009
56	2009	0	0.619105046	26/12/2009
57	2009	1	0.615168262	2/01/2010
57	2009	1	0.634422201	2/01/2010
58	2009	0	0.234026246	28/12/2009
59	2009	1	0.253280187	31/12/2009
59	2009	1	0.503581406	31/12/2009
60	2009	0	-1.440142369	1/12/2009
60	2009	0	-1.455459525	1/12/2009
61	2009	0	-0.289766918	15/12/2009
62	2009	1	-0.269532354	14/11/2009
62	2009	1	-0.192516594	14/11/2009
63	2009	3	-0.786432573	30/11/2009
64	2009	0	0.503581406	5/01/2010
65	2009	2	1.115770702	17/01/2010
65	2009	2	1.196723246	17/01/2010
66	2009	2	0.173661318	25/11/2009
66	2009	2	0.092708774	25/11/2009
67	2009	1	0.29566839	13/12/2009
67	2009	1	1.008064169	13/12/2009
68	2009	0	0.965212586	8/12/2009
68	2009	0	1.408053206	8/12/2009
69	2009	0	-0.363309274	19/12/2009
69	2009	0	-0.263102788	19/12/2009
70	2009	0	-0.559322078	27/11/2009
70	2009	0	-0.077973577	27/11/2009
71	2009	0	-1.441066533	10/01/2010
72	2009	1	-0.465338425	22/11/2009
72	2009	1	-0.14195823	22/11/2009
73	2009	0	0.326359162	2/12/2009
73	2009	0	0.441882802	2/12/2009
73	2009	0	0.330295946	2/12/2009
74	2009	1	-0.035528914	2/12/2009
75	2009	0	1.385325862	2/01/2010
75	2009	0	1.543294166	2/01/2010
76	2009	1	-0.713353596	25/11/2009
76	2009	1	-0.347528737	25/11/2009
77	2009	1	-0.131798614	8/12/2009
77	2009	1	-0.266576193	8/12/2009
77	2009	1	-0.667435527	8/12/2009
78	2009	0	-2.057192612	6/12/2009
79	2009	0	-1.002162697	14/12/2009
79	2009	0	-0.077973577	14/12/2009
80	2009	0	-0.882702273	21/11/2009
80	2009	0	-0.940464092	21/11/2009
80	2009	0	-1.055987733	21/11/2009
81	2009	0	-0.797869405	27/11/2009
81	2009	0	0.045367171	27/11/2009
81	2009	0	-0.509060305	27/11/2009
82	2009	2	-2.767683605	22/12/2009
82	2009	2	-0.599805494	22/12/2009
83	2009	1	1.165698419	16/12/2009
83	2009	1	1.524040226	16/12/2009
84	2009	1	-0.597829957	29/11/2009
85	2009	1	-0.151052554	29/11/2009
85	2009	1	-0.981559478	29/11/2009
85	2009	1	-0.285830133	29/11/2009
86	2009	1	-0.386036618	8/12/2009
86	2009	1	-0.420607714	8/12/2009
86	2009	1	-0.747924693	8/12/2009
87	2009	1	-0.035528914	27/12/2009
87	2009	1	0.253280187	27/12/2009
88	2009	1	0.576660382	4/12/2009
89	2009	2	0.214772306	4/12/2009
89	2009	2	-0.378626427	4/12/2009
90	2009	1	-1.813114225	24/11/2009
90	2009	1	-1.894066768	24/11/2009
90	2009	1	-2.005653624	24/11/2009
91	2009	0	1.408516585	27/12/2009
91	2009	0	1.504786285	27/12/2009
92	2009	0	-0.058719637	16/01/2010
92	2009	0	0.079994727	16/01/2010
93	2009	1	0.907914146	24/12/2009
94	2009	0	-0.809623296	28/12/2009
94	2009	0	-0.574639233	28/12/2009
95	2009	1	0.50746173	21/11/2009
95	2009	1	-0.046965746	21/11/2009
95	2009	1	0.50746173	21/11/2009
96	2009	1	-0.907515481	11/01/2010
97	2010	2	0.730691901	24/11/2010
97	2010	2	0.907914146	24/11/2010
97	2010	2	1.158215366	24/11/2010
98	2010	1	0.291788066	23/10/2010
98	2010	1	-1.317725785	23/10/2010
99	2010	1	1.115770702	22/10/2010
99	2010	1	1.196723246	22/10/2010
99	2010	1	1.269802221	22/10/2010
100	2010	0	0.321780518	4/11/2010
100	2010	0	0.321780518	4/11/2010
101	2010	1	0.792390507	30/10/2010
101	2010	1	0.884723422	30/10/2010
101	2010	1	1.215977185	30/10/2010
102	2010	0	1.254021686	5/12/2010
102	2010	0	1.604529392	5/12/2010
103	2010	0	0.751279518	28/11/2010
104	2010	0	-1.445003316	5/12/2010
105	2010	0	-1.283561607	18/11/2010
106	2010	0	0.231423138	30/12/2010
106	2010	0	-0.018878082	30/12/2010
107	2010	1	-0.382099833	25/11/2010
107	2010	1	0.518898562	25/11/2010
108	2010	0	0.980993121	25/11/2010
108	2010	0	0.749945842	25/11/2010
108	2010	0	0.884723422	25/11/2010
109	2010	1	0.730691901	30/12/2010
109	2010	1	0.499644622	30/10/2010
109	2010	1	0.503581406	30/10/2010
110	2010	1	-1.768383513	11/12/2010
110	2010	1	-0.940464092	11/12/2010
111	2010	0	1.115770702	21/11/2010
111	2010	0	0.676866866	21/11/2010
112	2010	1	-0.270512978	5/11/2010
112	2010	1	0.407311706	5/11/2010
113	2010	0	0.946422025	5/12/2010
113	2010	0	0.869406265	5/12/2010
114	2010	0	-0.270512978	8/12/2010
114	2010	0	-0.093290733	8/12/2010
115	2010	1	-0.501560257	12/11/2010
115	2010	1	-0.366782678	12/11/2010
116	2010	0	0.037550063	29/11/2010
116	2010	0	0.272534126	29/11/2010
117	2010	0	-1.464257257	4/11/2010
117	2010	0	0.272534126	4/11/2010
118	2010	1	-1.568361059	2/11/2010
118	2010	1	-1.271717857	2/11/2010
119	2010	0	0.846215542	2/11/2010
119	2010	0	0.903977361	2/11/2010
120	2010	1	-1.556590172	13/12/2010
120	2010	1	0.214772306	13/12/2010
121	2010	1	-1.406495436	15/11/2010
121	2010	1	-1.364050772	15/11/2010
122	2010	1	-0.636337838	18/12/2010
122	2010	1	-0.497623474	18/12/2010
123	2010	1	1.870147765	5/11/2010
123	2010	1	1.700799092	5/11/2010
124	2010	1	-0.382563213	7/11/2010
124	2010	1	1.832103265	7/11/2010
124	2010	1	0.853625731	7/11/2010
125	2010	1	-0.729134133	28/11/2010
125	2010	1	-0.748388073	28/11/2010
125	2010	1	-0.498086853	28/11/2010
126	2010	2	-0.771115417	14/11/2010
126	2010	2	-1.229273193	14/11/2010
126	2010	2	-1.117686337	14/11/2010
127	2010	2	0.137756546	10/11/2010
127	2010	2	0.522835347	10/11/2010
128	2010	0	0.653676143	21/12/2010
128	2010	0	0.830898386	21/12/2010
128	2010	0	0.715374746	21/12/2010
129	2010	0	-0.208814373	13/12/2010
129	2010	0	-0.170306493	13/12/2010
130	2010	1	0.214772306	20/11/2010
130	2010	1	0.307105223	20/11/2010
131	2010	0	-0.54790224	10/11/2010
131	2010	0	-0.343591953	10/11/2010
132	2010	1	-0.070563388	2/11/2010
132	2010	1	0.295261472	2/11/2010
133	2010	1	0.341277184	31/12/2010
133	2010	1	0.938149324	31/12/2010
134	2010	1	-0.386036618	5/11/2010
134	2010	1	-0.289766918	5/11/2010
134	2010	1	-0.309020857	5/11/2010
135	2010	0	-0.617083897	29/10/2010
135	2010	0	0.542089286	29/10/2010
136	2010	1	0.557406443	3/11/2010
136	2010	1	0.634422201	3/11/2010
136	2010	1	0.657612926	3/11/2010
137	2010	2	-0.49309658	24/10/2010
137	2010	2	-0.423563873	24/10/2010
137	2010	2	-0.346548114	24/10/2010
138	2010	0	0.657612926	7/11/2010
138	2010	0	0.792390507	7/11/2010
139	2010	0	0.557406443	7/11/2010
139	2010	0	0.907914146	7/11/2010
139	2010	0	1.061945666	7/11/2010
140	2010	0	0.233562867	5/12/2010
140	2010	0	0.198991772	5/12/2010
141	2010	0	0.961739182	8/11/2010
141	2010	0	0.311042006	8/11/2010
142	2010	0	-0.285830133	11/11/2010
142	2010	0	0.095311882	11/11/2010
143	2010	0	-1.441066533	1/12/2010
144	2010	1	1.192786462	27/10/2010
144	2010	1	1.196723246	27/10/2010
145	2010	1	0.692184022	11/12/2010
145	2010	1	0.176264427	11/12/2010
146	2010	0	-0.944400877	5/12/2010
146	2010	0	0.272534126	5/12/2010
146	2010	0	0.542089286	5/12/2010
147	2010	1	0.461136741	13/11/2010
147	2010	1	1.404579802	13/11/2010
147	2010	1	0.850152326	13/11/2010
148	2010	1	0.153073702	15/12/2010
148	2010	1	-0.266576193	15/12/2010
149	2010	0	0.176264427	18/11/2010
149	2010	0	0.157010487	18/11/2010
149	2010	0	0.157010487	18/11/2010
150	2010	2	2.008862131	2/11/2010
150	2010	2	2.23990941	2/11/2010
150	2010	2	2.621051425	2/11/2010
151	2010	1	0.301192901	4/11/2010
151	2010	1	0.493732302	4/11/2010
152	2010	0	-1.079178456	8/11/2010
152	2010	0	0.311042006	8/11/2010
153	2010	1	-1.830082117	8/12/2010
153	2010	1	-0.901956213	8/12/2010
153	2010	1	-0.501560257	8/12/2010
154	2010	0	-0.886639056	16/11/2010
154	2010	0	-1.171511373	16/11/2010
154	2010	0	-1.210019252	16/11/2010
155	2010	2	1.135024642	1/12/2010
155	2010	2	0.626588099	1/12/2010
155	2010	2	1.177469306	1/12/2010
156	2010	1	0.961600647	15/10/2010
156	2010	1	1.004045311	15/10/2010
157	2010	1	-0.093754114	24/11/2010
157	2010	1	-0.243848848	24/11/2010
157	2010	1	0.083468132	24/11/2010
158	2010	1	0.503118026	23/11/2010
158	2010	1	0.580133787	23/11/2010
159	2010	0	0.753882626	5/11/2010
160	2010	1	-1.135606601	17/11/2010
160	2010	1	-0.985511865	17/11/2010
160	2010	1	-1.582384004	17/11/2010
161	2010	0	-1.040670577	15/12/2010
161	2010	0	-0.347528737	15/12/2010
162	2010	2	0.422628862	27/10/2010
163	2010	2	0.888196826	8/11/2010
163	2010	2	1.408053206	8/11/2010
163	2010	2	1.065419072	8/11/2010
164	2010	0	0.015693014	8/11/2010
164	2010	0	-0.709416813	8/11/2010
164	2010	0	-0.674845717	8/11/2010
165	2010	1	0.488173033	4/11/2010
166	2010	1	0.460998208	4/11/2010
167	2011	0	-0.686689468	14/01/2012
168	2011	0	-0.039465697	14/11/2011
168	2011	0	-0.309020857	14/11/2011
168	2011	0	-0.251259037	14/11/2011
169	2011	0	0.210835523	17/11/2011
169	2011	0	0.368803826	27/11/2011
170	2011	0	-3.918514651	25/10/2011
170	2011	0	-4.049355446	25/10/2011
170	2011	0	-4.049355446	25/10/2011
171	2011	0	0.002978967	18/11/2011
172	2011	1	0.272070746	5/11/2011
172	2011	1	0.853625731	5/11/2011
173	2011	0	-0.055246233	24/11/2011
174	2011	0	-2.924671284	24/10/2011
174	2011	0	-2.924671284	24/10/2011
174	2011	0	-2.793830489	24/10/2011
175	2011	1	-2.215160916	14/11/2011
175	2011	1	-2.057192612	14/11/2011
175	2011	1	-1.502765136	14/11/2011
176	2011	0	-1.343872669	8/11/2011
177	2011	1	0.060277407	4/12/2011
177	2011	1	-0.267039572	4/12/2011
177	2011	1	0.179737832	4/12/2011
178	2011	2	1.331037446	26/11/2011
178	2011	2	1.007657252	26/11/2011
179	2011	0	-0.443798437	11/12/2011
179	2011	0	0.099248666	11/12/2011
180	2011	1	-0.712372974	3/11/2011
180	2011	1	-0.827896614	3/11/2011
180	2011	1	-0.754817638	3/11/2011
181	2011	0	0.668594164	5/12/2011
181	2011	0	0.687848104	5/12/2011
182	2011	1	-0.844657773	21/11/2011
182	2011	1	-0.378626427	21/11/2011
183	2011	1	-0.713353596	23/11/2011
183	2011	1	0.445819586	23/11/2011
184	2011	1	-0.309020857	5/12/2011
184	2011	1	-0.401353774	5/12/2011
184	2011	1	0.079994727	5/12/2011
185	2011	0	0.230089462	24/11/2011
186	2011	0	-2.515813766	24/11/2011
186	2011	0	-2.053719207	24/11/2011
187	2011	1	-1.984113636	13/11/2011
187	2011	1	-1.849336056	13/11/2011
187	2011	1	-2.253668795	13/11/2011
188	2011	0	0.041023467	5/11/2011
189	2011	0	-0.63500416	6/01/2012
189	2011	0	-0.172909601	6/01/2012
190	2011	1	-1.116188468	3/11/2011
190	2011	1	-1.116188468	3/11/2011
190	2011	1	-0.889077974	3/11/2011
191	2011	1	-0.863448333	3/01/2012
191	2011	1	-0.805686513	3/01/2012
192	2011	0	0.037550063	17/11/2011
192	2011	0	-0.077973577	17/11/2011
193	2011	0	-1.983133013	21/11/2011
193	2011	0	-1.601990997	21/11/2011
193	2011	0	-1.963879072	21/11/2011
194	2011	1	-0.767178634	26/11/2011
194	2011	1	-0.328274797	26/11/2011
195	2011	0	-0.538734461	25/12/2011
195	2011	0	-1.697907645	25/12/2011
196	2011	0	-0.963654817	29/10/2011
196	2011	0	-0.674845717	29/10/2011
196	2011	0	-0.713353596	29/10/2011
197	2011	2	0.056804002	16/12/2011
198	2011	0	-0.848131177	18/11/2011
198	2011	0	-1.133003493	18/11/2011
198	2011	0	-0.824940453	18/11/2011
199	2011	0	-0.196100325	16/11/2011
199	2011	0	0.227486355	16/11/2011
200	2011	0	-1.252463916	13/11/2011
200	2011	0	-1.445003316	13/11/2011
201	2011	0	-0.061322746	6/01/2012
201	2011	0	0.423962538	6/01/2012
202	2011	2	0.580597166	9/11/2011
203	2011	0	-0.285830133	21/11/2011
203	2011	0	-0.000957818	21/11/2011
204	2011	0	0.653676143	10/01/2012
204	2011	0	0.461136741	10/01/2012
205	2011	0	-1.810828176	30/10/2011
205	2011	0	-1.656796657	30/10/2011
205	2011	0	-1.710621692	30/10/2011
206	2011	0	-1.498828353	13/12/2011
206	2011	0	-0.863448333	13/12/2011
207	2011	0	-0.578576017	6/11/2011
207	2011	0	-0.651654993	6/11/2011
208	2011	3	0.403374922	3/12/2011
208	2011	3	0.018296123	3/12/2011
209	2011	0	-1.514608887	1/12/2011
209	2011	0	-1.341323427	1/12/2011
210	2011	0	0.037550063	19/11/2011
210	2011	0	-0.520814197	19/11/2011
210	2011	0	-0.328274797	19/11/2011
211	2011	0	-2.095700492	19/11/2011
211	2011	0	-1.479574412	19/11/2011
212	2011	0	-1.637542717	22/11/2011
212	2011	0	-0.443798437	22/11/2011
212	2011	0	-1.113749552	22/11/2011
213	2011	1	-0.212751157	1/12/2011
213	2011	1	-0.694099657	11/12/2011
214	2011	0	0.368803826	13/11/2011
214	2011	0	0.711437962	23/11/2011
215	2011	1	0.403374922	16/12/2011
215	2011	1	0.672930082	16/12/2011
216	2011	1	0.333769353	5/11/2011
216	2011	1	0.560879847	5/11/2011
216	2011	1	0.584070571	5/11/2011
217	2011	1	-2.756874343	25/12/2011
218	2011	0	0.306966687	11/11/2011
218	2011	0	0.541950751	11/11/2011
219	2011	1	0.557406443	21/11/2011
219	2011	1	0.773136565	21/11/2011
220	2011	1	0.811181066	3/01/2012
220	2011	1	0.256753592	3/01/2012
221	2011	0	0.564222502	24/11/2011
221	2011	0	1.010999906	24/11/2011
222	2011	1	-0.170769872	9/01/2012
222	2011	1	0.391531172	9/01/2012
223	2011	2	0.441882802	21/11/2011
223	2011	2	0.465073526	21/11/2011
224	2011	2	0.256753592	29/12/2011
225	2011	0	0.595914322	15/01/2012
225	2011	0	0.753882626	15/01/2012
226	2011	0	-1.043273684	7/12/2011
226	2011	0	-0.557988402	7/12/2011
227	2011	2	0.230089462	1/12/2011
227	2011	2	0.095311882	1/12/2011
227	2011	2	-0.309020857	1/12/2011
228	2011	0	0.863183433	3/12/2011
228	2011	0	0.150787654	3/12/2011
229	2011	2	0.672253877	28/11/2011
229	2011	2	0.822348614	28/11/2011
230	2012	0	-0.089817328	21/01/2013
231	2012	0	0.29566839	26/12/2012
231	2012	0	0.299605174	26/12/2012
231	2012	0	0.280351235	26/12/2012
232	2012	0	-0.821467047	15/11/2012
232	2012	0	-0.575102613	15/11/2012
233	2012	0	0.179737832	28/11/2012
233	2012	0	-0.147579148	28/11/2012
234	2012	0	-0.412790606	20/11/2012
234	2012	0	-0.046965746	20/11/2012
235	2012	0	0.095311882	15/11/2012
235	2012	0	0.907914146	15/11/2012
235	2012	0	1.192786462	15/11/2012
236	2012	1	4.155290112	19/11/2012
236	2012	1	0.492144574	19/11/2012
236	2012	1	-1.009662746	19/11/2012
237	2012	0	2.486737224	9/01/2013
238	2012	0	-0.266576193	26/10/2012
239	2012	0	0.711437962	15/12/2012
239	2012	0	0.445819586	15/12/2012
240	2012	0	1.303697113	22/11/2012
240	2012	0	0.383444778	22/11/2012
241	2012	0	0.772673186	9/01/2013
241	2012	0	0.849688947	9/01/2013
242	2012	0	-0.243848848	10/11/2012
242	2012	0	0.310578627	10/11/2012
242	2012	0	0.753419247	10/11/2012
243	2012	1	0.002515586	15/11/2012
243	2012	1	0.368340446	15/11/2012
243	2012	1	0.753419247	15/11/2012
244	2012	0	-0.751861477	24/11/2012
244	2012	0	-1.040670577	24/11/2012
245	2012	0	-0.301610667	30/11/2012
245	2012	0	-0.532657947	30/11/2012
246	2012	0	1.470158729	18/12/2012
246	2012	0	1.493349453	18/12/2012
247	2012	1	-0.715956705	5/11/2012
247	2012	1	0.034946954	5/11/2012
248	2012	0	-0.714029802	6/11/2012
248	2012	0	-0.463728581	6/11/2012
249	2012	1	0.249343402	9/11/2012
249	2012	1	0.234026246	9/11/2012
250	2012	0	0.191581583	8/01/2013
250	2012	0	-0.343591953	8/01/2013
251	2012	0	-1.191228693	12/11/2012
251	2012	0	-1.171974752	12/11/2012
252	2012	0	-1.63620904	25/11/2012
252	2012	0	-0.365449002	25/11/2012
252	2012	0	-0.943067201	25/11/2012
253	2012	0	-0.836377286	30/11/2012
253	2012	0	-0.027711806	30/11/2012
253	2012	0	-0.374282726	30/11/2012
254	2012	0	-2.692572632	4/12/2012
254	2012	0	-1.441066533	4/12/2012
254	2012	0	-0.093290733	4/12/2012
255	2012	0	0.083468132	27/11/2012
256	2012	0	-1.948208864	7/11/2012
256	2012	0	-0.272135462	7/11/2012
257	2012	0	-1.422275972	13/12/2012
257	2012	0	-0.594356553	13/12/2012
258	2012	0	-0.692765981	26/12/2012
258	2012	0	-0.288433242	26/12/2012
258	2012	0	0.115899499	26/12/2012
259	2012	0	0.850152326	22/11/2012
259	2012	0	-0.340118548	22/11/2012
260	2012	0	-2.176653035	14/12/2012
260	2012	0	-0.963654817	14/12/2012
261	2012	0	-1.133003493	23/11/2012
261	2012	0	-0.786432573	17/11/2012
262	2012	0	-0.020211758	25/11/2012
262	2012	0	0.403374922	25/11/2012
262	2012	0	-0.671372313	25/11/2012
263	2012	0	-0.667435527	13/12/2012
264	2012	0	-2.157399096	5/11/2012
265	2012	0	-0.917736747	28/11/2012
266	2012	0	-0.039465697	9/11/2012
267	2012	0	0.661086332	19/12/2012
267	2012	0	0.661086332	19/12/2012
268	2012	1	-0.998689293	27/12/2012
268	2012	1	-0.055246233	27/12/2012
268	2012	1	0.372277232	23/12/2012
269	2012	1	0.422628862	2/12/2012
269	2012	1	0.869406265	2/12/2012
269	2012	1	0.792390507	2/12/2012
270	2012	0	0.641832392	6/12/2012
270	2012	0	0.757356031	6/12/2012
271	2012	0	2.056610653	14/01/2013
271	2012	0	1.502183177	14/01/2013
272	2012	0	0.711437962	27/11/2012
272	2012	0	1.289056162	27/11/2012
272	2012	0	1.273739006	27/11/2012
273	2012	0	-0.272799026	28/11/2012
273	2012	0	0.247057354	28/11/2012
274	2012	2	0.791927126	30/11/2012
274	2012	2	0.391531172	30/11/2012
274	2012	2	0.333769353	30/11/2012
275	2012	0	0.468546932	11/11/2012
275	2012	0	0.141229951	11/11/2012
276	2012	0	-0.074500173	12/11/2012
276	2012	0	-0.301610667	12/11/2012
277	2012	2	0.349549887	10/12/2012
278	2012	1	-0.366782678	19/12/2012
278	2012	1	-0.520814197	19/12/2012
278	2012	1	-0.366782678	19/12/2012
279	2012	0	-0.012801567	5/12/2012
279	2012	0	0.141229951	5/12/2012
280	2012	0	-1.187291907	6/12/2012
280	2012	0	-1.302815546	6/12/2012
281	2012	0	-1.447606425	5/11/2012
281	2012	0	-2.11755754	5/11/2012
282	2012	1	0.214308927	26/10/2012
282	2012	1	0.468546932	26/10/2012
282	2012	1	0.218245712	26/10/2012
283	2012	0	0.587413226	14/11/2012
283	2012	0	0.664428986	14/11/2012
284	2012	1	0.672930082	12/11/2012
285	2012	0	0.272070746	21/01/2013
285	2012	0	0.464610147	21/01/2013
286	2012	0	-1.120289444	29/10/2012
286	2012	0	-1.351336725	29/10/2012
287	2012	0	0.318525059	4/12/2012
287	2012	0	-0.074036794	4/12/2012
288	2012	1	-1.537336232	5/11/2012
288	2012	1	-1.233209976	5/11/2012
288	2012	1	-1.383304712	5/11/2012
289	2012	1	-0.575102613	28/11/2012
289	2012	1	0.021769527	28/11/2012
290	2012	0	-2.323274367	5/11/2012
290	2012	0	-1.788100832	5/11/2012
291	2012	1	0.478104633	12/11/2012
291	2012	1	0.574374333	12/11/2012
292	2012	0	-0.597829957	23/12/2012
292	2012	0	-0.020211758	23/12/2012
293	2012	1	-2.057655992	11/11/2012
293	2012	1	-1.476101006	11/11/2012
293	2012	1	-1.052514328	11/11/2012
294	2012	3	1.269802221	26/10/2012
294	2012	3	0.826961603	26/10/2012
294	2012	3	1.423833741	26/10/2012
295	2012	0	-0.613610492	19/12/2012
296	2012	1	-2.410303423	20/11/2012
296	2012	1	-3.003238779	20/11/2012
296	2012	1	-2.714429679	20/11/2012
297	2012	1	-0.174243277	13/12/2012
298	2012	0	0.314515411	9/12/2012
298	2012	0	-0.051309448	9/12/2012
299	2012	2	0.766596673	3/12/2012
299	2012	2	0.693517698	3/12/2012
300	2012	1	-0.143235446	9/12/2012
300	2012	1	0.530652453	9/12/2012
301	2012	1	0.466333748	3/12/2012
301	2012	1	1.209754353	3/12/2012
301	2012	1	0.339390269	3/12/2012
302	2012	0	-1.064260435	18/12/2012
302	2012	0	-0.910228916	18/12/2012
461	2012	0	1.281556114	3/12/2012
303	2013	0	-0.09587824	3/11/2013
303	2013	0	-0.731258259	3/11/2013
303	2013	0	0.638358986	3/11/2013
304	2013	0	-0.769766139	3/01/2014
304	2013	0	0.214772306	3/01/2014
305	2013	0	-0.673496439	9/11/2013
305	2013	0	0.115915101	9/11/2013
306	2013	0	-0.01886248	26/10/2013
306	2013	0	0.557406443	26/10/2013
306	2013	0	0.46248602	26/10/2013
307	2013	0	1.851357205	3/01/2014
307	2013	0	2.698530565	3/01/2014
308	2013	0	0.507054811	28/10/2013
308	2013	0	0.196404265	28/10/2013
308	2013	0	0.526308752	28/10/2013
309	2013	0	2.634228853	12/01/2014
309	2013	0	1.980944171	12/01/2014
310	2013	0	-0.326925519	22/12/2013
310	2013	0	0.36621632	22/12/2013
311	2013	1	0.754768526	15/10/2013
311	2013	1	0.658498826	15/10/2013
311	2013	1	1.024323686	15/10/2013
312	2013	1	0.385470261	20/12/2013
312	2013	1	-0.057370359	20/12/2013
312	2013	1	0.558755719	20/12/2013
313	2013	0	-0.381213934	25/10/2013
314	2013	0	1.196723246	23/11/2013
314	2013	0	0.80905694	23/11/2013
314	2013	0	1.254485066	23/11/2013
315	2013	0	-0.172894	20/11/2013
315	2013	0	0.231438741	20/11/2013
315	2013	0	-0.153640059	20/11/2013
316	2013	3	1.119707485	11/01/2014
316	2013	3	1.423833741	11/01/2014
317	2013	1	-0.2691637	30/12/2013
317	2013	1	0.00039146	30/12/2013
317	2013	1	0.907914146	30/12/2013
318	2013	0	0.830898386	9/11/2013
319	2013	0	-1.020067359	27/10/2013
319	2013	0	-0.904543719	27/10/2013
320	2013	0	0.580597166	6/12/2013
320	2013	0	1.40592908	6/12/2013
321	2013	0	-1.017479852	27/10/2013
321	2013	0	-1.443654039	27/10/2013
322	2013	0	1.123180891	13/11/2013
322	2013	0	0.930641491	13/11/2013
322	2013	0	0.661086332	13/11/2013
323	2013	0	-1.347384339	29/10/2013
323	2013	0	-0.923797659	29/10/2013
324	2013	1	-0.44244916	17/11/2013
324	2013	1	1.215977185	17/11/2013
325	2013	0	1.639563865	6/11/2013
325	2013	0	1.05935816	6/11/2013
326	2013	0	0.53950178	11/01/2014
327	2013	1	-0.154989337	14/12/2013
327	2013	1	0.326359162	14/12/2013
327	2013	1	0.118502606	14/12/2013
328	2013	0	-0.230655819	17/11/2013
328	2013	0	-0.326925519	17/11/2013
329	2013	0	-0.09587824	19/01/2014
329	2013	0	0.00039146	19/01/2014
330	2013	0	1.540706659	2/11/2013
330	2013	0	1.367421199	2/11/2013
331	2013	0	0.34696238	24/12/2013
332	2013	0	1.469751811	23/11/2013
332	2013	0	1.427307146	23/11/2013
332	2013	0	1.50825969	23/11/2013
333	2013	0	1.828166482	27/10/2013
333	2013	0	0.34696238	27/10/2013
333	2013	0	0.846215542	27/10/2013
334	2013	0	1.639563865	12/11/2013
334	2013	0	1.254485066	12/11/2013
335	2013	0	1.024323686	18/12/2013
335	2013	0	0.795863912	18/12/2013
335	2013	0	0.234912146	18/12/2013
336	2013	0	0.364867042	28/11/2013
336	2013	0	-0.423195219	28/11/2013
337	2013	0	-1.077829179	22/12/2013
337	2013	0	-1.174098879	22/12/2013
338	2013	0	-0.0766243	20/11/2013
338	2013	0	0.17367692	20/11/2013
339	2013	0	0.734628686	15/01/2014
340	2013	0	-0.384687339	24/10/2013
340	2013	0	-0.34617946	24/10/2013
341	2013	0	-0.000957818	27/11/2013
341	2013	0	0.308454501	27/11/2013
342	2013	0	-0.943051599	7/12/2013
343	2013	0	1.38667514	1/11/2013
343	2013	0	1.59846848	1/11/2013
343	2013	0	1.50219878	1/11/2013
344	2013	0	0.538152502	29/10/2013
344	2013	0	-0.519464919	29/10/2013
345	2013	0	0.36621632	29/11/2013
345	2013	0	1.13637392	29/11/2013
346	2013	2	1.257958472	19/11/2013
346	2013	2	1.600592606	19/11/2013
346	2013	2	1.563434004	19/11/2013
347	2013	0	-0.34617946	29/11/2013
348	2013	0	0.445819586	3/01/2014
348	2013	0	0.19293086	3/01/2014
349	2013	0	0.6935333	8/11/2013
349	2013	0	1.11711998	8/11/2013
350	2013	0	0.5972636	13/12/2013
350	2013	0	1.23264362	13/12/2013
350	2013	0	1.11711998	13/12/2013
351	2013	1	0.788453722	30/10/2013
351	2013	1	0.407311706	30/10/2013
351	2013	1	1.212040402	30/10/2013
352	2013	1	0.578009661	3/01/2014
352	2013	1	0.135169041	3/01/2014
353	2013	0	-0.596480679	23/10/2013
353	2013	0	-0.63498856	23/10/2013
354	2013	0	1.906531519	28/11/2013
354	2013	0	2.294197825	28/11/2013
354	2013	0	2.120912365	28/11/2013
355	2013	0	1.32891332	30/10/2013
355	2013	0	1.308310102	30/10/2013
355	2013	0	1.251897559	30/10/2013
356	2013	1	1.327564042	1/11/2013
356	2013	1	2.193991342	1/11/2013
356	2013	1	1.678071745	1/11/2013
357	2013	0	0.63577148	31/10/2013
358	2013	0	1.485068966	24/11/2013
358	2013	0	2.99081307	24/11/2013
359	2013	0	0.67427936	12/12/2013
359	2013	0	0.80905694	12/12/2013
359	2013	0	0.84756482	12/12/2013
360	2013	0	-0.134386119	17/01/2014
360	2013	0	-0.596480679	17/01/2014
361	2013	0	-2.367843158	25/10/2013
361	2013	0	-0.53871886	25/10/2013
361	2013	0	-0.038116419	25/10/2013
362	2013	0	0.639244885	18/12/2013
362	2013	0	1.505672185	18/12/2013
363	2013	1	-0.827527959	17/10/2013
363	2013	1	-0.789020078	17/10/2013
364	2013	0	0.966561866	6/01/2014
364	2013	0	1.970354251	6/01/2014
365	2013	0	-1.828732839	24/10/2013
365	2013	0	-1.982764357	24/10/2013
365	2013	0	-1.501415858	24/10/2013
366	2013	0	0.331181846	8/12/2013
367	2013	0	-0.134386119	2/12/2013
367	2013	0	0.980993121	2/12/2013
368	2013	0	0.34696238	20/11/2013
368	2013	0	0.44323208	20/11/2013
369	2013	3	1.000247061	23/10/2013
370	2013	3	-0.731258259	3/01/2014
370	2013	3	0.36621632	3/01/2014
370	2013	3	0.36621632	3/01/2014
371	2013	1	1.215977185	18/12/2013
371	2013	1	1.081199606	18/12/2013
372	2013	0	-1.135590998	23/10/2013
372	2013	0	-1.713209199	23/10/2013
372	2013	0	-1.116337059	23/10/2013
373	2013	0	-0.211401879	27/11/2013
373	2013	0	1.11711998	27/11/2013
373	2013	0	0.28920056	27/11/2013
374	2013	0	0.558755719	14/01/2014
374	2013	0	0.578009661	14/01/2014
375	2013	0	0.942485242	3/11/2013
375	2013	0	1.158215366	3/11/2013
376	2013	0	-0.307671579	29/10/2013
376	2013	0	0.28920056	29/10/2013
377	2013	0	-1.925002538	22/11/2013
377	2013	0	-0.342706053	23/11/2013
378	2013	0	0.834371792	27/11/2013
378	2013	0	0.868942886	27/11/2013
379	2013	2	1.617722419	13/11/2013
379	2013	2	1.559960599	13/11/2013
379	2013	2	1.925785458	13/11/2013
380	2013	2	0.038899341	28/12/2013
380	2013	2	1.481595562	28/12/2013
380	2013	2	1.447024466	28/12/2013
381	2013	0	1.274624905	12/11/2013
381	2013	0	1.562084726	12/11/2013
381	2013	0	1.351640665	12/11/2013
382	2013	0	0.354779488	6/01/2014
382	2013	0	0.393287367	6/01/2014
383	2013	2	0.42397814	11/11/2013
383	2013	2	0.80905694	11/11/2013
383	2013	2	0.9823424	11/11/2013
384	2013	0	-1.867240718	26/11/2013
384	2013	0	0.157010487	26/11/2013
384	2013	0	-0.3654334	26/11/2013
385	2013	1	-0.973742372	7/11/2013
385	2013	1	-0.184330832	7/11/2013
385	2013	1	-0.415378112	7/11/2013
386	2013	0	1.615119312	27/10/2013
386	2013	0	2.460943393	27/10/2013
387	2014	0	-0.44244916	31/10/2014
387	2014	0	-0.134386119	31/10/2014
387	2014	0	0.195518366	31/10/2014
388	2014	0	-1.251114638	8/01/2015
388	2014	0	-1.289622519	8/01/2015
389	2014	1	1.230040511	6/10/2014
389	2014	1	0.864215651	6/10/2014
389	2014	1	1.095262932	6/10/2014
390	2014	1	-1.420926692	12/11/2014
390	2014	1	0.637895606	12/11/2014
391	2014	0	0.07740722	12/11/2014
391	2014	0	0.19293086	12/11/2014
392	2014	0	-0.249909759	22/12/2014
392	2014	0	1.21338968	22/12/2014
393	2014	1	-0.535245454	16/12/2014
393	2014	1	-0.015389074	16/12/2014
394	2014	0	-0.577226739	3/01/2015
394	2014	0	-0.423195219	3/01/2015
395	2014	0	0.465959425	21/11/2014
395	2014	0	0.119388507	21/11/2014
395	2014	0	0.273420026	21/11/2014
396	2014	0	0.5009939	15/11/2014
396	2014	0	0.080880626	15/11/2014
397	2014	0	0.369689725	4/12/2014
397	2014	0	0.350435786	4/12/2014
398	2014	0	-0.522068027	23/10/2014
399	2014	1	0.15442298	26/11/2014
399	2014	1	0.751295121	26/11/2014
399	2014	1	0.828310879	26/11/2014
400	2014	0	-2.695160137	9/10/2014
400	2014	0	-2.464112858	9/10/2014
401	2014	0	-1.520669798	23/11/2014
401	2014	0	-2.079034059	23/11/2014
402	2014	0	0.889546105	30/10/2014
402	2014	0	0.639244885	30/10/2014
402	2014	0	0.812530345	30/10/2014
403	2014	1	-0.515991513	8/12/2014
404	2014	0	-1.671227913	12/11/2014
404	2014	0	-0.804800614	12/11/2014
404	2014	0	-0.958832133	12/11/2014
405	2014	1	0.07740722	1/12/2014
405	2014	1	0.404724201	1/12/2014
406	2014	1	0.997643954	4/10/2014
406	2014	1	0.209581692	4/10/2014
406	2014	1	0.556152612	4/10/2014
407	2014	1	-0.342706053	22/12/2014
407	2014	1	0.157896386	22/12/2014
408	2014	1	0.479136852	18/10/2014
408	2014	1	1.191532632	18/10/2014
408	2014	1	0.960485351	18/10/2014
409	2014	0	-0.09587824	1/11/2014
409	2014	0	-0.153640059	1/11/2014
409	2014	0	0.52024784	1/11/2014
410	2014	1	-0.846781899	19/11/2014
410	2014	1	-1.020067359	19/11/2014
411	2014	0	-0.500210979	17/10/2014
411	2014	0	0.404724201	17/10/2014
412	2014	0	0.177150326	22/10/2014
412	2014	0	-0.188674534	22/10/2014
413	2014	0	-0.2691637	28/10/2014
413	2014	0	0.28920056	28/10/2014
414	2014	0	-1.501415858	31/10/2014
414	2014	0	-0.907499879	31/10/2014
415	2014	0	0.231438741	15/01/2015
416	2014	0	0.536898672	24/11/2014
417	2014	0	0.135169041	6/12/2014
417	2014	0	0.404724201	6/12/2014
418	2014	1	0.25069268	2/11/2014
418	2014	1	0.07740722	2/11/2014
418	2014	1	0.42397814	2/11/2014
419	2014	1	-0.134386119	6/12/2014
419	2014	1	0.46248602	6/12/2014
420	2014	1	0.32770844	21/12/2014
420	2014	1	0.578009661	21/12/2014
421	2014	2	0.578009661	25/10/2014
421	2014	2	0.46248602	25/10/2014
421	2014	2	0.578009661	25/10/2014
422	2014	0	-1.561780786	20/01/2015
422	2014	0	-0.502814088	20/01/2015
423	2014	0	-0.34617946	30/10/2014
423	2014	0	0.135169041	30/10/2014
424	2014	0	-1.058575238	12/11/2014
424	2014	0	-0.249909759	12/11/2014
424	2014	0	-0.423195219	12/11/2014
425	2014	0	-0.577226739	23/11/2014
425	2014	0	-0.53871886	23/11/2014
425	2014	0	-0.34617946	23/11/2014
426	2014	0	0.286597452	26/12/2014
426	2014	0	1.095262932	26/12/2014
427	2014	1	0.09666116	5/11/2014
428	2014	0	-0.53871886	2/11/2014
428	2014	0	0.28920056	2/11/2014
429	2014	1	-0.249909759	13/11/2014
429	2014	1	0.789803	13/11/2014
429	2014	1	0.46248602	13/11/2014
430	2014	1	0.558755719	22/12/2014
431	2014	2	0.5009939	3/11/2014
432	2014	2	-0.80827402	10/12/2014
432	2014	2	-0.904543719	10/12/2014
432	2014	2	-0.4617031	10/12/2014
433	2014	1	-0.4617031	25/10/2014
433	2014	1	1.21338968	25/10/2014
433	2014	1	1.30965938	25/10/2014
434	2014	2	1.13637392	27/10/2014
434	2014	2	0.25069268	27/10/2014
434	2014	2	0.86681876	27/10/2014
435	2014	2	-0.673496439	4/12/2014
435	2014	2	0.578009661	4/12/2014
435	2014	2	0.212184801	4/12/2014
436	2014	2	-0.596480679	8/01/2015
437	2014	0	-0.519464919	2/12/2014
437	2014	0	-0.172894	2/12/2014
438	2014	0	-0.981559478	27/10/2014
438	2014	0	-0.038116419	27/10/2014
439	2014	0	-1.154844938	17/12/2014
439	2014	0	-0.923797659	17/12/2014
440	2014	2	-1.020067359	1/11/2014
440	2014	2	0.34696238	1/11/2014
440	2014	2	0.404724201	1/11/2014
441	2014	0	-1.020067359	9/11/2014
441	2014	0	-0.519464919	9/11/2014
441	2014	0	-0.615734618	9/11/2014
442	2014	2	-0.519464919	18/11/2014
442	2014	2	-0.28841764	18/11/2014
442	2014	2	-0.153640059	18/11/2014
443	2014	0	0.966561866	7/11/2014
443	2014	0	0.889546105	7/11/2014
443	2014	0	0.985815805	7/11/2014
444	2014	0	-0.654242499	16/12/2014
444	2014	0	-0.44244916	16/12/2014
445	2014	0	-1.905748599	9/11/2014
445	2014	0	-1.270368579	9/11/2014
446	2014	3	-0.34617946	18/10/2014
447	2014	3	0.07740722	25/11/2014
447	2014	3	0.038899341	25/11/2014
447	2014	3	0.404724201	25/11/2014
448	2014	0	-0.230655819	9/11/2014
448	2014	0	-0.211401879	9/11/2014
449	2014	0	-0.519464919	17/12/2014
449	2014	0	0.00039146	17/12/2014
449	2014	0	1.38667514	17/12/2014
450	2014	0	-1.212606759	22/10/2014
451	2014	0	0.44323208	28/11/2014
452	2014	1	0.26994662	19/12/2014
452	2014	1	0.732041179	19/12/2014
453	2014	0	-0.249909759	15/12/2014
453	2014	0	-0.172894	15/12/2014
454	2014	1	-0.904543719	15/11/2014
454	2014	1	-1.212606759	15/11/2014
454	2014	1	-0.596480679	15/11/2014
455	2014	1	0.25069268	11/11/2014
455	2014	1	0.308454501	11/11/2014
456	2014	0	0.212184801	24/10/2014
456	2014	0	0.42397814	24/10/2014
456	2014	0	-0.28841764	24/10/2014
457	2014	0	-0.291020747	26/12/2014
457	2014	0	-0.637591667	26/12/2014
458	2014	1	1.11711998	29/10/2014
458	2014	1	-0.541675019	29/10/2014
458	2014	1	0.751295121	29/10/2014
459	2014	0	-0.654242499	19/11/2014
459	2014	0	-0.403941279	19/11/2014
460	2014	0	-0.981559478	30/12/2014
460	2014	0	-0.480957039	30/12/2014
